26.21
21.285
19.58
17.925
17.17
15.825
14.48
13.195
12.995
13.85
11.76
10.725
10.58
10.975
10.265
10.49
11.04
11.165
11.445
10.825
11.58
10.53
10.21
10.045
10.655
10.935
10.73
10.04
10.305
8.41
8.45
8.78
20.375
12.795
10.38
11.465
10.695
10.18
10.225
11.525
10.835
8.88
7.395
8.33
8.545
8.035
8.365
7.095
6.445
7.065
7.51
9.055
9.69
8.72
9.08
10.57
9.315
9.995
10.835
10.99
10.08
10.525
20.6
11.92
12.65
12.525
12.025
12.84
11.925
10.79
10.61
9.86
8.8
9.66
9.065
9.215
8.62
7.865
8.17
8.245
8.615
10.295
10.015
7.85
8.125
9.14
8.325
9.485
10.575
11.6
11.095
11.015
20.08
12.69
14.125
12.55
11.565
11.155
10.765
11.135
11.605
9.145
9.445
9.61
10.615
10.45
9.745
10.0
10.455
9.73
10.06
11.48
10.31
10.655
9.6
9.53
8.735
9.125
9.295
10.535
9.97
8.825
19.075
8.785
8.88
8.98
9.36
8.695
9.32
9.985
9.25
9.32
9.445
9.69
10.54
10.385
10.27
9.73
9.16
9.62
10.005
10.45
12.39
11.975
12.18
12.295
11.805
11.28
8.985
7.785
8.785
7.84
18.7
12.325
10.25
